390.0, 0.020942, 0.022735, 0.956322
392.0, 0.021190, 0.023213, 0.955596
394.0, 0.021269, 0.023562, 0.955169
396.0, 0.021175, 0.023758, 0.955067
398.0, 0.020909, 0.023777, 0.955314
400.0, 0.020474, 0.023602, 0.955924
402.0, 0.019902, 0.023246, 0.956852
404.0, 0.019314, 0.022840, 0.957846
406.0, 0.018837, 0.022530, 0.958634
408.0, 0.018468, 0.022368, 0.959165
410.0, 0.018094, 0.022315, 0.959590
412.0, 0.017643, 0.022342, 0.960015
414.0, 0.017183, 0.022453, 0.960363
416.0, 0.016810, 0.022666, 0.960523
418.0, 0.016559, 0.023020, 0.960421
420.0, 0.016413, 0.023575, 0.960012
422.0, 0.016355, 0.024376, 0.959269
424.0, 0.016372, 0.025353, 0.958275
426.0, 0.016452, 0.026402, 0.957146
428.0, 0.016610, 0.027535, 0.955856
430.0, 0.016884, 0.028907, 0.954209
432.0, 0.017298, 0.030640, 0.952062
434.0, 0.017789, 0.032568, 0.949643
436.0, 0.018270, 0.034414, 0.947316
438.0, 0.018740, 0.036130, 0.945130
440.0, 0.019293, 0.037971, 0.942736
442.0, 0.020008, 0.040182, 0.939810
444.0, 0.020869, 0.042722, 0.936409
446.0, 0.021831, 0.045459, 0.932710
448.0, 0.022927, 0.048425, 0.928648
450.0, 0.024291, 0.051870, 0.923839
452.0, 0.026051, 0.056052, 0.917898
454.0, 0.028194, 0.061016, 0.910790
456.0, 0.030659, 0.066734, 0.902607
458.0, 0.033437, 0.073195, 0.893368
460.0, 0.036594, 0.080416, 0.882991
462.0, 0.040222, 0.088446, 0.871332
464.0, 0.044448, 0.097545, 0.858007
466.0, 0.049429, 0.108091, 0.842480
468.0, 0.055320, 0.120398, 0.824281
470.0, 0.062265, 0.134663, 0.803072
472.0, 0.070412, 0.151069, 0.778519
474.0, 0.079888, 0.169798, 0.750315
476.0, 0.090791, 0.190985, 0.718223
478.0, 0.103071, 0.214459, 0.682470
480.0, 0.116468, 0.239639, 0.643893
482.0, 0.130682, 0.265887, 0.603432
484.0, 0.145685, 0.293052, 0.561263
486.0, 0.161517, 0.321083, 0.517399
488.0, 0.178012, 0.349542, 0.472446
490.0, 0.194774, 0.377616, 0.427611
492.0, 0.211419, 0.404559, 0.384022
494.0, 0.227718, 0.429919, 0.342363
496.0, 0.243512, 0.453397, 0.303091
498.0, 0.258794, 0.475109, 0.266098
500.0, 0.273636, 0.495464, 0.230900
502.0, 0.288001, 0.514643, 0.197356
504.0, 0.301722, 0.532321, 0.165957
506.0, 0.314640, 0.548104, 0.137256
508.0, 0.326437, 0.561357, 0.112206
510.0, 0.336820, 0.571530, 0.091649
512.0, 0.345822, 0.578733, 0.075445
514.0, 0.353761, 0.583898, 0.062341
516.0, 0.360845, 0.587834, 0.051321
518.0, 0.367191, 0.590784, 0.042025
520.0, 0.372957, 0.592648, 0.034395
522.0, 0.378329, 0.593426, 0.028245
524.0, 0.383413, 0.593348, 0.023239
526.0, 0.388254, 0.592643, 0.019104
528.0, 0.392856, 0.591458, 0.015686
530.0, 0.397210, 0.589897, 0.012893
532.0, 0.401334, 0.588045, 0.010621
534.0, 0.405364, 0.585889, 0.008747
536.0, 0.409451, 0.583373, 0.007175
538.0, 0.413636, 0.580501, 0.005864
540.0, 0.417860, 0.577349, 0.004791
542.0, 0.422081, 0.573993, 0.003927
544.0, 0.426321, 0.570450, 0.003229
546.0, 0.430616, 0.566720, 0.002665
548.0, 0.434996, 0.562802, 0.002202
550.0, 0.439485, 0.558698, 0.001818
552.0, 0.444127, 0.554378, 0.001495
554.0, 0.449052, 0.549718, 0.001230
556.0, 0.454408, 0.544577, 0.001015
558.0, 0.460171, 0.538988, 0.000841
560.0, 0.466147, 0.533155, 0.000698
562.0, 0.472213, 0.527208, 0.000579
564.0, 0.478575, 0.520944, 0.000481
566.0, 0.485513, 0.514087, 0.000400
568.0, 0.493080, 0.506585, 0.000335
570.0, 0.501105, 0.498615, 0.000280
572.0, 0.509454, 0.490311, 0.000236
574.0, 0.518210, 0.481591, 0.000199
576.0, 0.527508, 0.472323, 0.000169
578.0, 0.537450, 0.462406, 0.000144
580.0, 0.548108, 0.451769, 0.000123
582.0, 0.559464, 0.440431, 0.000105
584.0, 0.571170, 0.428740, 0.000089
586.0, 0.582815, 0.417108, 0.000077
588.0, 0.594379, 0.405555, 0.000066
590.0, 0.606215, 0.393728, 0.000057
592.0, 0.618582, 0.381368, 0.000049
594.0, 0.631358, 0.368598, 0.000043
596.0, 0.644337, 0.355625, 0.000038
598.0, 0.657480, 0.342487, 0.000033
600.0, 0.670907, 0.329064, 0.000029
602.0, 0.684649, 0.315325, 0.000026
604.0, 0.698424, 0.301553, 0.000023
606.0, 0.711901, 0.288078, 0.000021
608.0, 0.724941, 0.275040, 0.000018
610.0, 0.737573, 0.262410, 0.000017
612.0, 0.749823, 0.250162, 0.000015
614.0, 0.761686, 0.238301, 0.000014
616.0, 0.773163, 0.226837, 0.000000
618.0, 0.784310, 0.215690, 0.000000
620.0, 0.795280, 0.204720, 0.000000
622.0, 0.806079, 0.193921, 0.000000
624.0, 0.816248, 0.183752, 0.000000
626.0, 0.825311, 0.174689, 0.000000
628.0, 0.833292, 0.166708, 0.000000
630.0, 0.840626, 0.159374, 0.000000
632.0, 0.847644, 0.152356, 0.000000
634.0, 0.854391, 0.145609, 0.000000
636.0, 0.860857, 0.139143, 0.000000
638.0, 0.867184, 0.132816, 0.000000
640.0, 0.873644, 0.126356, 0.000000
642.0, 0.880267, 0.119733, 0.000000
644.0, 0.886310, 0.113690, 0.000000
646.0, 0.891004, 0.108996, 0.000000
648.0, 0.894422, 0.105578, 0.000000
650.0, 0.897331, 0.102669, 0.000000
652.0, 0.900317, 0.099683, 0.000000
654.0, 0.903405, 0.096595, 0.000000
656.0, 0.906493, 0.093507, 0.000000
658.0, 0.909503, 0.090497, 0.000000
660.0, 0.912381, 0.087619, 0.000000
662.0, 0.915064, 0.084936, 0.000000
664.0, 0.917439, 0.082561, 0.000000
666.0, 0.919393, 0.080607, 0.000000
668.0, 0.920951, 0.079049, 0.000000
670.0, 0.922258, 0.077742, 0.000000
672.0, 0.923432, 0.076568, 0.000000
674.0, 0.924483, 0.075517, 0.000000
676.0, 0.925398, 0.074602, 0.000000
678.0, 0.926183, 0.073817, 0.000000
680.0, 0.926861, 0.073139, 0.000000
682.0, 0.927451, 0.072549, 0.000000
684.0, 0.927951, 0.072049, 0.000000
686.0, 0.928352, 0.071648, 0.000000
688.0, 0.928672, 0.071328, 0.000000
690.0, 0.928947, 0.071053, 0.000000
692.0, 0.929204, 0.070796, 0.000000
694.0, 0.929412, 0.070588, 0.000000
696.0, 0.929532, 0.070468, 0.000000
698.0, 0.929567, 0.070433, 0.000000
700.0, 0.929570, 0.070430, 0.000000
702.0, 0.929580, 0.070420, 0.000000
704.0, 0.929583, 0.070417, 0.000000
706.0, 0.929554, 0.070446, 0.000000
708.0, 0.929469, 0.070531, 0.000000
710.0, 0.929314, 0.070686, 0.000000
712.0, 0.929082, 0.070918, 0.000000
714.0, 0.928808, 0.071192, 0.000000
716.0, 0.928535, 0.071465, 0.000000
718.0, 0.928272, 0.071728, 0.000000
720.0, 0.927996, 0.072004, 0.000000
722.0, 0.927687, 0.072313, 0.000000
724.0, 0.927351, 0.072649, 0.000000
726.0, 0.927000, 0.073000, 0.000000
728.0, 0.926640, 0.073360, 0.000000
730.0, 0.926277, 0.073723, 0.000000
732.0, 0.925910, 0.074090, 0.000000
734.0, 0.925521, 0.074479, 0.000000
736.0, 0.925087, 0.074913, 0.000000
738.0, 0.924599, 0.075401, 0.000000
740.0, 0.924064, 0.075936, 0.000000
742.0, 0.923487, 0.076513, 0.000000
744.0, 0.922890, 0.077110, 0.000000
746.0, 0.922292, 0.077708, 0.000000
748.0, 0.921705, 0.078295, 0.000000
750.0, 0.921123, 0.078877, 0.000000
752.0, 0.920542, 0.079458, 0.000000
754.0, 0.919951, 0.080049, 0.000000
756.0, 0.919335, 0.080665, 0.000000
758.0, 0.918698, 0.081302, 0.000000
760.0, 0.918063, 0.081937, 0.000000
762.0, 0.917447, 0.082553, 0.000000
764.0, 0.916854, 0.083146, 0.000000
766.0, 0.916279, 0.083721, 0.000000
768.0, 0.915716, 0.084284, 0.000000
770.0, 0.915149, 0.084851, 0.000000
772.0, 0.914566, 0.085434, 0.000000
774.0, 0.913964, 0.086036, 0.000000
776.0, 0.913344, 0.086656, 0.000000
778.0, 0.912709, 0.087291, 0.000000
780.0, 0.912059, 0.087941, 0.000000
782.0, 0.911399, 0.088601, 0.000000
784.0, 0.910731, 0.089269, 0.000000
786.0, 0.910055, 0.089945, 0.000000
788.0, 0.909374, 0.090626, 0.000000
790.0, 0.908688, 0.091312, 0.000000
792.0, 0.907995, 0.092005, 0.000000
794.0, 0.907274, 0.092726, 0.000000
796.0, 0.906500, 0.093500, 0.000000
798.0, 0.905672, 0.094328, 0.000000
800.0, 0.904816, 0.095184, 0.000000
802.0, 0.903957, 0.096043, 0.000000
804.0, 0.903097, 0.096903, 0.000000
806.0, 0.902238, 0.097762, 0.000000
808.0, 0.901378, 0.098622, 0.000000
810.0, 0.900515, 0.099485, 0.000000
812.0, 0.899649, 0.100351, 0.000000
814.0, 0.898788, 0.101212, 0.000000
816.0, 0.897942, 0.102058, 0.000000
818.0, 0.897122, 0.102878, 0.000000
820.0, 0.896335, 0.103665, 0.000000
822.0, 0.895590, 0.104410, 0.000000
824.0, 0.894891, 0.105109, 0.000000
826.0, 0.894241, 0.105759, 0.000000
828.0, 0.893645, 0.106355, 0.000000
830.0, 0.893105, 0.106895, 0.000000
